Velocities
0	0.0693147	0	0	-0.047619	0	
1	0.0690942	0	1	-0.0473825	0	
2	0.0688733	0	2	-0.0471473	0	
3	0.0686522	0	3	-0.0469132	0	
4	0.0684307	0	4	-0.0466804	0	
5	0.0682091	0	5	-0.0464487	0	
6	0.0679871	0	6	-0.0462182	0	
7	0.0677649	0	7	-0.0459889	0	
8	0.0675425	0	8	-0.0457608	0	
9	0.0673198	0	9	-0.0455338	0	
10	0.0670969	0	10	-0.0453079	0	
11	0.0668738	0	11	-0.0450832	0	
12	0.0666505	0	12	-0.0448596	0	
13	0.066427	0	13	-0.0446371	0	
14	0.0662033	0	14	-0.0444157	0	
15	0.0659794	0	15	-0.0441955	0	
16	0.0657553	0	16	-0.0439763	0	
17	0.0655311	0	17	-0.0437582	0	
18	0.0653066	0	18	-0.0435411	0	
19	0.0650821	0	19	-0.0433251	0	
20	0.0648574	0	20	-0.0431102	0	
21	0.0646325	0	21	-0.0428963	0	
22	0.0644076	0	22	-0.0426834	0	
23	0.0641825	0	23	-0.0424716	0	
24	0.0639573	0	24	-0.0422607	0	
25	0.0637319	0	25	-0.0420509	0	
26	0.0635065	0	26	-0.0418421	0	
27	0.063281	0	27	-0.0416343	0	
28	0.0630554	0	28	-0.0414274	0	
29	0.0628297	0	29	-0.0412216	0	
30	0.062604	0	30	-0.0410167	0	
31	0.0623782	0	31	-0.0408127	0	
32	0.0621523	0	32	-0.0406098	0	
33	0.0619264	0	33	-0.0404077	0	
34	0.0617005	0	34	-0.0402066	0	
35	0.0614745	0	35	-0.0400065	0	
36	0.0612484	0	36	-0.0398073	0	
37	0.0610224	0	37	-0.039609	0	
38	0.0607963	0	38	-0.0394116	0	
39	0.0605703	0	39	-0.0392151	0	
40	0.0603442	0	40	-0.0390195	0	
41	0.0601182	0	41	-0.0388248	0	
42	0.0598921	0	42	-0.038631	0	
43	0.0596661	0	43	-0.038438	0	
44	0.0594401	0	44	-0.038246	0	
45	0.0592141	0	45	-0.0380548	0	
46	0.0589882	0	46	-0.0378645	0	
47	0.0587623	0	47	-0.037675	0	
48	0.0585365	0	48	-0.0374864	0	
49	0.0583107	0	49	-0.0372986	0	
50	0.058085	0	50	-0.0371116	0	
51	0.0578594	0	51	-0.0369255	0	
52	0.0576339	0	52	-0.0367402	0	
53	0.0574084	0	53	-0.0365558	0	
54	0.057183	0	54	-0.0363721	0	
55	0.0569578	0	55	-0.0361893	0	
56	0.0567326	0	56	-0.0360073	0	
57	0.0565075	0	57	-0.035826	0	
58	0.0562826	0	58	-0.0356456	0	
59	0.0560578	0	59	-0.0354659	0	
60	0.0558331	0	60	-0.0352871	0	
61	0.0556085	0	61	-0.035109	0	
62	0.0553841	0	62	-0.0349317	0	
63	0.0551599	0	63	-0.0347551	0	
64	0.0549358	0	64	-0.0345793	0	
65	0.0547118	0	65	-0.0344043	0	
66	0.054488	0	66	-0.0342301	0	
67	0.0542644	0	67	-0.0340566	0	
68	0.054041	0	68	-0.0338838	0	
69	0.0538177	0	69	-0.0337118	0	
70	0.0535946	0	70	-0.0335405	0	
71	0.0533718	0	71	-0.0333699	0	
72	0.0531491	0	72	-0.0332001	0	
73	0.0529266	0	73	-0.033031	0	
74	0.0527044	0	74	-0.0328626	0	
75	0.0524823	0	75	-0.0326949	0	
76	0.0522605	0	76	-0.032528	0	
77	0.0520389	0	77	-0.0323617	0	
78	0.0518175	0	78	-0.0321962	0	
79	0.0515964	0	79	-0.0320313	0	
80	0.0513755	0	80	-0.0318672	0	
81	0.0511549	0	81	-0.0317037	0	
82	0.0509345	0	82	-0.0315409	0	
83	0.0507144	0	83	-0.0313788	0	
84	0.0504946	0	84	-0.0312174	0	
85	0.050275	0	85	-0.0310567	0	
86	0.0500557	0	86	-0.0308966	0	
87	0.0498367	0	87	-0.0307372	0	
88	0.049618	0	88	-0.0305785	0	
89	0.0493995	0	89	-0.0304205	0	
90	0.0491814	0	90	-0.0302631	0	
91	0.0489635	0	91	-0.0301063	0	
92	0.048746	0	92	-0.0299502	0	
93	0.0485288	0	93	-0.0297948	0	
94	0.0483119	0	94	-0.02964	0	
95	0.0480953	0	95	-0.0294859	0	
96	0.047879	0	96	-0.0293323	0	
97	0.0476631	0	97	-0.0291795	0	
98	0.0474475	0	98	-0.0290272	0	
99	0.0472322	0	99	-0.0288756	0	
100	0.0470173	0	100	-0.0287246	0	
101	0.0468027	0	101	-0.0285743	0	
102	0.0465885	0	102	-0.0284245	0	
103	0.0463747	0	103	-0.0282754	0	
104	0.0461612	0	104	-0.0281269	0	
105	0.0459481	0	105	-0.027979	0	
106	0.0457354	0	106	-0.0278318	0	
107	0.045523	0	107	-0.0276851	0	
108	0.045311	0	108	-0.027539	0	
109	0.0450994	0	109	-0.0273936	0	
110	0.0448882	0	110	-0.0272487	0	
111	0.0446774	0	111	-0.0271045	0	
112	0.044467	0	112	-0.0269608	0	
113	0.044257	0	113	-0.0268177	0	
114	0.0440474	0	114	-0.0266752	0	
115	0.0438382	0	115	-0.0265333	0	
116	0.0436294	0	116	-0.026392	0	
117	0.043421	0	117	-0.0262513	0	
118	0.0432131	0	118	-0.0261111	0	
119	0.0430056	0	119	-0.0259716	0	
120	0.0427985	0	120	-0.0258326	0	
121	0.0425919	0	121	-0.0256942	0	
122	0.0423857	0	122	-0.0255563	0	
123	0.04218	0	123	-0.025419	0	
124	0.0419747	0	124	-0.0252823	0	
125	0.0417698	0	125	-0.0251462	0	
126	0.0415654	0	126	-0.0250106	0	
127	0.0413615	0	127	-0.0248755	0	
128	0.041158	0	128	-0.0247411	0	
129	0.040955	0	129	-0.0246072	0	
130	0.0407524	0	130	-0.0244738	0	
131	0.0405504	0	131	-0.024341	0	
132	0.0403488	0	132	-0.0242087	0	
133	0.0401477	0	133	-0.024077	0	
134	0.0399471	0	134	-0.0239459	0	
135	0.0397469	0	135	-0.0238152	0	
136	0.0395473	0	136	-0.0236852	0	
137	0.0393481	0	137	-0.0235556	0	
138	0.0391495	0	138	-0.0234266	0	
139	0.0389513	0	139	-0.0232982	0	
140	0.0387537	0	140	-0.0231702	0	
141	0.0385565	0	141	-0.0230429	0	
142	0.0383599	0	142	-0.022916	0	
143	0.0381638	0	143	-0.0227897	0	
144	0.0379682	0	144	-0.0226639	0	
145	0.0377731	0	145	-0.0225386	0	
146	0.0375785	0	146	-0.0224138	0	
147	0.0373845	0	147	-0.0222896	0	
148	0.037191	0	148	-0.0221659	0	
149	0.036998	0	149	-0.0220427	0	
150	0.0368056	0	150	-0.02192	0	
151	0.0366137	0	151	-0.0217979	0	
152	0.0364223	0	152	-0.0216762	0	
153	0.0362315	0	153	-0.0215551	0	
154	0.0360413	0	154	-0.0214345	0	
155	0.0358515	0	155	-0.0213144	0	
156	0.0356624	0	156	-0.0211948	0	
157	0.0354737	0	157	-0.0210757	0	
158	0.0352857	0	158	-0.0209571	0	
159	0.0350982	0	159	-0.0208391	0	
160	0.0349112	0	160	-0.0207215	0	
161	0.0347248	0	161	-0.0206044	0	
162	0.034539	0	162	-0.0204879	0	
163	0.0343538	0	163	-0.0203718	0	
164	0.0341691	0	164	-0.0202562	0	
165	0.033985	0	165	-0.0201411	0	
166	0.0338015	0	166	-0.0200265	0	
167	0.0336185	0	167	-0.0199124	0	
168	0.0334361	0	168	-0.0197988	0	
169	0.0332544	0	169	-0.0196857	0	
170	0.0330731	0	170	-0.0195731	0	
171	0.0328925	0	171	-0.019461	0	
172	0.0327125	0	172	-0.0193493	0	
173	0.032533	0	173	-0.0192381	0	
174	0.0323542	0	174	-0.0191275	0	
175	0.0321759	0	175	-0.0190173	0	
176	0.0319983	0	176	-0.0189075	0	
177	0.0318212	0	177	-0.0187983	0	
178	0.0316447	0	178	-0.0186895	0	
179	0.0314689	0	179	-0.0185813	0	
180	0.0312936	0	180	-0.0184735	0	
181	0.0311189	0	181	-0.0183661	0	
182	0.0309449	0	182	-0.0182593	0	
183	0.0307714	0	183	-0.0181529	0	
184	0.0305986	0	184	-0.018047	0	
185	0.0304263	0	185	-0.0179415	0	
186	0.0302547	0	186	-0.0178365	0	
187	0.0300837	0	187	-0.017732	0	
188	0.0299133	0	188	-0.017628	0	
189	0.0297435	0	189	-0.0175244	0	
190	0.0295744	0	190	-0.0174213	0	
191	0.0294058	0	191	-0.0173186	0	
192	0.0292379	0	192	-0.0172164	0	
193	0.0290706	0	193	-0.0171147	0	
194	0.0289039	0	194	-0.0170134	0	
195	0.0287379	0	195	-0.0169126	0	
196	0.0285724	0	196	-0.0168123	0	
197	0.0284076	0	197	-0.0167124	0	
198	0.0282434	0	198	-0.0166129	0	
199	0.0280799	0	199	-0.0165139	0	
200	0.0279169	0	200	-0.0164154	0	
201	0.0277546	0	201	-0.0163173	0	
202	0.027593	0	202	-0.0162197	0	
203	0.0274319	0	203	-0.0161225	0	
204	0.0272715	0	204	-0.0160257	0	
205	0.0271117	0	205	-0.0159294	0	
206	0.0269526	0	206	-0.0158336	0	
207	0.0267941	0	207	-0.0157382	0	
208	0.0266362	0	208	-0.0156432	0	
209	0.026479	0	209	-0.0155487	0	
210	0.0263224	0	210	-0.0154546	0	
211	0.0261664	0	211	-0.015361	0	
212	0.0260111	0	212	-0.0152678	0	
213	0.0258564	0	213	-0.015175	0	
214	0.0257023	0	214	-0.0150827	0	
215	0.0255489	0	215	-0.0149908	0	
216	0.0253961	0	216	-0.0148994	0	
217	0.0252439	0	217	-0.0148084	0	
218	0.0250924	0	218	-0.0147178	0	
219	0.0249416	0	219	-0.0146276	0	
220	0.0247913	0	220	-0.0145379	0	
221	0.0246418	0	221	-0.0144486	0	
222	0.0244928	0	222	-0.0143597	0	
223	0.0243445	0	223	-0.0142713	0	
224	0.0241968	0	224	-0.0141833	0	
225	0.0240498	0	225	-0.0140957	0	
226	0.0239034	0	226	-0.0140085	0	
227	0.0237577	0	227	-0.0139218	0	
228	0.0236125	0	228	-0.0138355	0	
229	0.0234681	0	229	-0.0137496	0	
230	0.0233242	0	230	-0.0136641	0	
231	0.0231811	0	231	-0.013579	0	
232	0.0230385	0	232	-0.0134944	0	
233	0.0228966	0	233	-0.0134101	0	
234	0.0227553	0	234	-0.0133263	0	
235	0.0226147	0	235	-0.0132429	0	
236	0.0224747	0	236	-0.0131599	0	
237	0.0223353	0	237	-0.0130773	0	
238	0.0221966	0	238	-0.0129952	0	
239	0.0220585	0	239	-0.0129134	0	
240	0.0219211	0	240	-0.0128321	0	
241	0.0217843	0	241	-0.0127511	0	
242	0.0216481	0	242	-0.0126706	0	
243	0.0215126	0	243	-0.0125905	0	
244	0.0213777	0	244	-0.0125107	0	
245	0.0212434	0	245	-0.0124314	0	
246	0.0211098	0	246	-0.0123525	0	
247	0.0209768	0	247	-0.012274	0	
248	0.0208444	0	248	-0.0121959	0	
249	0.0207127	0	249	-0.0121181	0	
250	0.0205816	0	250	-0.0120408	0	
251	0.0204511	0	251	-0.0119639	0	
252	0.0203213	0	252	-0.0118873	0	
253	0.0201921	0	253	-0.0118112	0	
254	0.0200635	0	254	-0.0117355	0	
255	0.0199355	0	255	-0.0116601	0	
256	0.0198082	0	256	-0.0115851	0	
257	0.0196815	0	257	-0.0115106	0	
258	0.0195554	0	258	-0.0114364	0	
259	0.01943	0	259	-0.0113626	0	
260	0.0193051	0	260	-0.0112892	0	
261	0.0191809	0	261	-0.0112161	0	
262	0.0190574	0	262	-0.0111435	0	
263	0.0189344	0	263	-0.0110712	0	
264	0.018812	0	264	-0.0109993	0	
265	0.0186903	0	265	-0.0109278	0	
266	0.0185692	0	266	-0.0108567	0	
267	0.0184487	0	267	-0.010786	0	
268	0.0183288	0	268	-0.0107156	0	
269	0.0182096	0	269	-0.0106456	0	
270	0.0180909	0	270	-0.010576	0	
271	0.0179729	0	271	-0.0105068	0	
272	0.0178555	0	272	-0.0104379	0	
273	0.0177386	0	273	-0.0103694	0	
274	0.0176224	0	274	-0.0103013	0	
275	0.0175068	0	275	-0.0102335	0	
276	0.0173918	0	276	-0.0101661	0	
277	0.0172774	0	277	-0.0100991	0	
278	0.0171636	0	278	-0.0100324	0	
279	0.0170505	0	279	-0.00996611	0	
280	0.0169379	0	280	-0.00990017	0	
281	0.0168259	0	281	-0.00983459	0	
282	0.0167145	0	282	-0.00976938	0	
283	0.0166037	0	283	-0.00970452	0	
284	0.0164935	0	284	-0.00964002	0	
285	0.0163839	0	285	-0.00957588	0	
286	0.0162748	0	286	-0.00951209	0	
287	0.0161664	0	287	-0.00944866	0	
288	0.0160586	0	288	-0.00938558	0	
289	0.0159513	0	289	-0.00932285	0	
290	0.0158446	0	290	-0.00926048	0	
291	0.0157386	0	291	-0.00919845	0	
292	0.015633	0	292	-0.00913677	0	
293	0.0155281	0	293	-0.00907544	0	
294	0.0154238	0	294	-0.00901445	0	
295	0.01532	0	295	-0.00895381	0	
296	0.0152168	0	296	-0.00889351	0	
297	0.0151142	0	297	-0.00883355	0	
298	0.0150122	0	298	-0.00877393	0	
299	0.0149107	0	299	-0.00871466	0	
300	0.0148098	0	300	-0.00865572	0	
301	0.0147094	0	301	-0.00859712	0	
302	0.0146097	0	302	-0.00853885	0	
303	0.0145104	0	303	-0.00848092	0	
304	0.0144118	0	304	-0.00842332	0	
305	0.0143137	0	305	-0.00836606	0	
306	0.0142162	0	306	-0.00830912	0	
307	0.0141192	0	307	-0.00825252	0	
308	0.0140228	0	308	-0.00819624	0	
309	0.0139269	0	309	-0.00814029	0	
310	0.0138316	0	310	-0.00808467	0	
311	0.0137369	0	311	-0.00802937	0	
312	0.0136426	0	312	-0.0079744	0	
313	0.013549	0	313	-0.00791974	0	
314	0.0134558	0	314	-0.00786541	0	
315	0.0133633	0	315	-0.0078114	0	
316	0.0132712	0	316	-0.0077577	0	
317	0.0131797	0	317	-0.00770432	0	
318	0.0130887	0	318	-0.00765126	0	
319	0.0129983	0	319	-0.00759851	0	
320	0.0129084	0	320	-0.00754608	0	
321	0.012819	0	321	-0.00749396	0	
322	0.0127302	0	322	-0.00744214	0	
323	0.0126419	0	323	-0.00739064	0	
324	0.0125541	0	324	-0.00733945	0	
325	0.0124668	0	325	-0.00728856	0	
326	0.0123801	0	326	-0.00723798	0	
327	0.0122938	0	327	-0.0071877	0	
328	0.0122081	0	328	-0.00713773	0	
329	0.0121229	0	329	-0.00708806	0	
330	0.0120382	0	330	-0.00703868	0	
331	0.0119541	0	331	-0.00698961	0	
332	0.0118704	0	332	-0.00694084	0	
333	0.0117872	0	333	-0.00689236	0	
334	0.0117046	0	334	-0.00684418	0	
335	0.0116224	0	335	-0.00679629	0	
336	0.0115408	0	336	-0.00674869	0	
337	0.0114596	0	337	-0.00670139	0	
338	0.011379	0	338	-0.00665437	0	
339	0.0112988	0	339	-0.00660765	0	
340	0.0112191	0	340	-0.00656121	0	
341	0.01114	0	341	-0.00651506	0	
342	0.0110613	0	342	-0.0064692	0	
343	0.0109831	0	343	-0.00642361	0	
344	0.0109053	0	344	-0.00637832	0	
345	0.0108281	0	345	-0.0063333	0	
346	0.0107513	0	346	-0.00628856	0	
347	0.0106751	0	347	-0.0062441	0	
348	0.0105993	0	348	-0.00619992	0	
349	0.0105239	0	349	-0.00615602	0	
350	0.0104491	0	350	-0.00611239	0	
351	0.0103747	0	351	-0.00606903	0	
352	0.0103008	0	352	-0.00602595	0	
353	0.0102273	0	353	-0.00598314	0	
354	0.0101543	0	354	-0.00594059	0	
355	0.0100818	0	355	-0.00589832	0	
356	0.0100097	0	356	-0.00585631	0	
357	0.0099381	0	357	-0.00581457	0	
358	0.00986694	0	358	-0.0057731	0	
359	0.00979623	0	359	-0.00573189	0	
360	0.00972598	0	360	-0.00569094	0	
361	0.00965617	0	361	-0.00565025	0	
362	0.00958681	0	362	-0.00560982	0	
363	0.00951789	0	363	-0.00556965	0	
364	0.00944942	0	364	-0.00552974	0	
365	0.00938138	0	365	-0.00549008	0	
366	0.00931378	0	366	-0.00545068	0	
367	0.00924662	0	367	-0.00541153	0	
368	0.0091799	0	368	-0.00537263	0	
369	0.0091136	0	369	-0.00533399	0	
370	0.00904774	0	370	-0.00529559	0	
371	0.0089823	0	371	-0.00525744	0	
372	0.00891728	0	372	-0.00521954	0	
373	0.0088527	0	373	-0.00518189	0	
374	0.00878853	0	374	-0.00514448	0	
375	0.00872478	0	375	-0.00510731	0	
376	0.00866145	0	376	-0.00507039	0	
377	0.00859853	0	377	-0.00503371	0	
378	0.00853603	0	378	-0.00499727	0	
379	0.00847393	0	379	-0.00496106	0	
380	0.00841225	0	380	-0.0049251	0	
381	0.00835097	0	381	-0.00488937	0	
382	0.0082901	0	382	-0.00485387	0	
383	0.00822962	0	383	-0.00481861	0	
384	0.00816955	0	384	-0.00478358	0	
385	0.00810988	0	385	-0.00474878	0	
386	0.0080506	0	386	-0.00471421	0	
387	0.00799172	0	387	-0.00467987	0	
388	0.00793323	0	388	-0.00464576	0	
389	0.00787513	0	389	-0.00461188	0	
390	0.00781742	0	390	-0.00457822	0	
391	0.00776009	0	391	-0.00454478	0	
392	0.00770315	0	392	-0.00451157	0	
393	0.00764659	0	393	-0.00447858	0	
394	0.0075904	0	394	-0.0044458	0	
395	0.0075346	0	395	-0.00441325	0	
396	0.00747917	0	396	-0.00438092	0	
397	0.00742412	0	397	-0.0043488	0	
398	0.00736943	0	398	-0.0043169	0	
399	0.00731512	0	399	-0.00428521	0	
400	0.00726117	0	400	-0.00425374	0	
401	0.00720759	0	401	-0.00422248	0	
402	0.00715437	0	402	-0.00419143	0	
403	0.00710152	0	403	-0.00416059	0	
404	0.00704902	0	404	-0.00412995	0	
405	0.00699688	0	405	-0.00409953	0	
406	0.0069451	0	406	-0.00406931	0	
407	0.00689367	0	407	-0.0040393	0	
408	0.00684259	0	408	-0.00400949	0	
409	0.00679186	0	409	-0.00397988	0	
410	0.00674148	0	410	-0.00395047	0	
411	0.00669144	0	411	-0.00392127	0	
412	0.00664175	0	412	-0.00389227	0	
413	0.00659239	0	413	-0.00386346	0	
414	0.00654338	0	414	-0.00383485	0	
415	0.00649471	0	415	-0.00380644	0	
416	0.00644637	0	416	-0.00377822	0	
417	0.00639837	0	417	-0.00375019	0	
418	0.00635069	0	418	-0.00372236	0	
419	0.00630335	0	419	-0.00369472	0	
420	0.00625634	0	420	-0.00366727	0	
421	0.00620965	0	421	-0.00364001	0	
422	0.00616328	0	422	-0.00361293	0	
423	0.00611724	0	423	-0.00358605	0	
424	0.00607152	0	424	-0.00355935	0	
425	0.00602612	0	425	-0.00353283	0	
426	0.00598103	0	426	-0.0035065	0	
427	0.00593626	0	427	-0.00348036	0	
428	0.0058918	0	428	-0.00345439	0	
429	0.00584765	0	429	-0.0034286	0	
430	0.00580381	0	430	-0.003403	0	
431	0.00576028	0	431	-0.00337757	0	
432	0.00571706	0	432	-0.00335232	0	
433	0.00567413	0	433	-0.00332724	0	
434	0.00563151	0	434	-0.00330235	0	
435	0.00558919	0	435	-0.00327762	0	
436	0.00554717	0	436	-0.00325307	0	
437	0.00550544	0	437	-0.00322869	0	
438	0.00546401	0	438	-0.00320448	0	
439	0.00542287	0	439	-0.00318044	0	
440	0.00538203	0	440	-0.00315658	0	
441	0.00534147	0	441	-0.00313287	0	
442	0.0053012	0	442	-0.00310934	0	
443	0.00526121	0	443	-0.00308597	0	
444	0.00522151	0	444	-0.00306277	0	
445	0.00518209	0	445	-0.00303973	0	
446	0.00514295	0	446	-0.00301685	0	
447	0.00510409	0	447	-0.00299414	0	
448	0.00506551	0	448	-0.00297159	0	
449	0.0050272	0	449	-0.00294919	0	
450	0.00498917	0	450	-0.00292696	0	
451	0.0049514	0	451	-0.00290488	0	
452	0.00491391	0	452	-0.00288296	0	
453	0.00487669	0	453	-0.0028612	0	
454	0.00483973	0	454	-0.00283959	0	
455	0.00480304	0	455	-0.00281813	0	
456	0.00476661	0	456	-0.00279683	0	
457	0.00473044	0	457	-0.00277568	0	
458	0.00469453	0	458	-0.00275468	0	
459	0.00465888	0	459	-0.00273384	0	
460	0.00462349	0	460	-0.00271314	0	
461	0.00458835	0	461	-0.00269259	0	
462	0.00455346	0	462	-0.00267218	0	
463	0.00451883	0	463	-0.00265193	0	
464	0.00448445	0	464	-0.00263181	0	
465	0.00445031	0	465	-0.00261185	0	
466	0.00441643	0	466	-0.00259202	0	
467	0.00438278	0	467	-0.00257234	0	
468	0.00434939	0	468	-0.0025528	0	
469	0.00431623	0	469	-0.00253341	0	
470	0.00428331	0	470	-0.00251415	0	
471	0.00425064	0	471	-0.00249503	0	
472	0.0042182	0	472	-0.00247605	0	
473	0.004186	0	473	-0.00245721	0	
474	0.00415403	0	474	-0.0024385	0	
475	0.00412229	0	475	-0.00241993	0	
476	0.00409079	0	476	-0.00240149	0	
477	0.00405951	0	477	-0.00238319	0	
478	0.00402847	0	478	-0.00236502	0	
479	0.00399765	0	479	-0.00234698	0	
480	0.00396705	0	480	-0.00232907	0	
481	0.00393668	0	481	-0.0023113	0	
482	0.00390653	0	482	-0.00229365	0	
483	0.00387661	0	483	-0.00227613	0	
484	0.0038469	0	484	-0.00225874	0	
485	0.00381741	0	485	-0.00224148	0	
486	0.00378813	0	486	-0.00222434	0	
487	0.00375908	0	487	-0.00220732	0	
488	0.00373023	0	488	-0.00219044	0	
489	0.0037016	0	489	-0.00217367	0	
490	0.00367318	0	490	-0.00215703	0	
491	0.00364496	0	491	-0.00214051	0	
492	0.00361696	0	492	-0.00212411	0	
493	0.00358916	0	493	-0.00210783	0	
494	0.00356157	0	494	-0.00209167	0	
495	0.00353418	0	495	-0.00207563	0	
496	0.00350699	0	496	-0.00205971	0	
497	0.00348	0	497	-0.0020439	0	
498	0.00345322	0	498	-0.00202821	0	
499	0.00342663	0	499	-0.00201264	0	
500	0.00340024	0	500	-0.00199718	0	
501	0.00337404	0	501	-0.00198184	0	
502	0.00334804	0	502	-0.00196661	0	
503	0.00332223	0	503	-0.00195149	0	
504	0.00329661	0	504	-0.00193648	0	
505	0.00327119	0	505	-0.00192158	0	
506	0.00324595	0	506	-0.0019068	0	
507	0.0032209	0	507	-0.00189212	0	
508	0.00319604	0	508	-0.00187755	0	
509	0.00317136	0	509	-0.00186309	0	
510	0.00314686	0	510	-0.00184874	0	
511	0.00312255	0	511	-0.00183449	0	
512	0.00309842	0	512	-0.00182035	0	
513	0.00307447	0	513	-0.00180631	0	
514	0.0030507	0	514	-0.00179238	0	
515	0.0030271	0	515	-0.00177856	0	
516	0.00300368	0	516	-0.00176483	0	
517	0.00298044	0	517	-0.00175121	0	
518	0.00295737	0	518	-0.00173769	0	
519	0.00293448	0	519	-0.00172427	0	
520	0.00291175	0	520	-0.00171095	0	
521	0.0028892	0	521	-0.00169772	0	
522	0.00286681	0	522	-0.0016846	0	
523	0.00284459	0	523	-0.00167158	0	
524	0.00282254	0	524	-0.00165865	0	
525	0.00280066	0	525	-0.00164582	0	
526	0.00277894	0	526	-0.00163308	0	
527	0.00275738	0	527	-0.00162045	0	
528	0.00273598	0	528	-0.0016079	0	
529	0.00271475	0	529	-0.00159545	0	
530	0.00269367	0	530	-0.00158309	0	
531	0.00267276	0	531	-0.00157083	0	
532	0.002652	0	532	-0.00155866	0	
533	0.0026314	0	533	-0.00154657	0	
534	0.00261095	0	534	-0.00153458	0	
535	0.00259066	0	535	-0.00152268	0	
536	0.00257052	0	536	-0.00151087	0	
537	0.00255053	0	537	-0.00149915	0	
538	0.0025307	0	538	-0.00148752	0	
539	0.00251101	0	539	-0.00147597	0	
540	0.00249147	0	540	-0.00146451	0	
541	0.00247208	0	541	-0.00145314	0	
542	0.00245284	0	542	-0.00144185	0	
543	0.00243374	0	543	-0.00143065	0	
544	0.00241479	0	544	-0.00141953	0	
545	0.00239598	0	545	-0.0014085	0	
546	0.00237732	0	546	-0.00139755	0	
547	0.00235879	0	547	-0.00138668	0	
548	0.00234041	0	548	-0.00137589	0	
549	0.00232217	0	549	-0.00136519	0	
550	0.00230406	0	550	-0.00135457	0	
551	0.00228609	0	551	-0.00134402	0	
552	0.00226826	0	552	-0.00133356	0	
553	0.00225056	0	553	-0.00132318	0	
554	0.002233	0	554	-0.00131287	0	
555	0.00221557	0	555	-0.00130265	0	
556	0.00219828	0	556	-0.0012925	0	
557	0.00218112	0	557	-0.00128242	0	
558	0.00216408	0	558	-0.00127243	0	
559	0.00214718	0	559	-0.00126251	0	
560	0.00213041	0	560	-0.00125266	0	
561	0.00211376	0	561	-0.0012429	0	
562	0.00209724	0	562	-0.0012332	0	
563	0.00208085	0	563	-0.00122358	0	
564	0.00206458	0	564	-0.00121403	0	
565	0.00204844	0	565	-0.00120455	0	
566	0.00203242	0	566	-0.00119515	0	
567	0.00201652	0	567	-0.00118582	0	
568	0.00200074	0	568	-0.00117656	0	
569	0.00198509	0	569	-0.00116737	0	
570	0.00196955	0	570	-0.00115825	0	
571	0.00195414	0	571	-0.0011492	0	
572	0.00193884	0	572	-0.00114022	0	
573	0.00192366	0	573	-0.0011313	0	
574	0.00190859	0	574	-0.00112246	0	
575	0.00189364	0	575	-0.00111368	0	
576	0.00187881	0	576	-0.00110497	0	
577	0.00186409	0	577	-0.00109633	0	
578	0.00184948	0	578	-0.00108775	0	
579	0.00183498	0	579	-0.00107924	0	
580	0.0018206	0	580	-0.00107079	0	
581	0.00180632	0	581	-0.00106241	0	
582	0.00179216	0	582	-0.00105409	0	
583	0.0017781	0	583	-0.00104584	0	
584	0.00176415	0	584	-0.00103765	0	
585	0.00175031	0	585	-0.00102952	0	
586	0.00173658	0	586	-0.00102146	0	
587	0.00172295	0	587	-0.00101345	0	
588	0.00170943	0	588	-0.00100551	0	
589	0.00169601	0	589	-0.000997629	0	
590	0.00168269	0	590	-0.000989808	0	
591	0.00166948	0	591	-0.000982048	0	
592	0.00165637	0	592	-0.000974347	0	
593	0.00164336	0	593	-0.000966705	0	
594	0.00163045	0	594	-0.000959122	0	
595	0.00161764	0	595	-0.000951597	0	
596	0.00160493	0	596	-0.00094413	0	
597	0.00159231	0	597	-0.000936721	0	
598	0.0015798	0	598	-0.000929369	0	
599	0.00156738	0	599	-0.000922073	0	
600	0.00155505	0	600	-0.000914834	0	
601	0.00154283	0	601	-0.00090765	0	
602	0.00153069	0	602	-0.000900522	0	
603	0.00151865	0	603	-0.000893448	0	
604	0.00150671	0	604	-0.000886429	0	
605	0.00149485	0	605	-0.000879465	0	
606	0.00148309	0	606	-0.000872554	0	
607	0.00147142	0	607	-0.000865696	0	
608	0.00145984	0	608	-0.000858892	0	
609	0.00144834	0	609	-0.00085214	0	
610	0.00143694	0	610	-0.00084544	0	
611	0.00142563	0	611	-0.000838792	0	
612	0.0014144	0	612	-0.000832195	0	
613	0.00140326	0	613	-0.000825649	0	
614	0.00139221	0	614	-0.000819154	0	
615	0.00138124	0	615	-0.000812709	0	
616	0.00137036	0	616	-0.000806314	0	
617	0.00135956	0	617	-0.000799969	0	
618	0.00134885	0	618	-0.000793673	0	
619	0.00133822	0	619	-0.000787425	0	
620	0.00132767	0	620	-0.000781226	0	
621	0.0013172	0	621	-0.000775075	0	
622	0.00130682	0	622	-0.000768971	0	
623	0.00129651	0	623	-0.000762915	0	
624	0.00128629	0	624	-0.000756906	0	
625	0.00127614	0	625	-0.000750943	0	
626	0.00126608	0	626	-0.000745027	0	
627	0.00125609	0	627	-0.000739156	0	
628	0.00124618	0	628	-0.000733332	0	
629	0.00123635	0	629	-0.000727552	0	
630	0.00122659	0	630	-0.000721817	0	
631	0.00121691	0	631	-0.000716127	0	
632	0.0012073	0	632	-0.000710481	0	
633	0.00119777	0	633	-0.000704879	0	
634	0.00118832	0	634	-0.00069932	0	
635	0.00117893	0	635	-0.000693805	0	
636	0.00116963	0	636	-0.000688332	0	
637	0.00116039	0	637	-0.000682902	0	
638	0.00115122	0	638	-0.000677514	0	
639	0.00114213	0	639	-0.000672169	0	
640	0.00113311	0	640	-0.000666864	0	
641	0.00112416	0	641	-0.000661601	0	
642	0.00111527	0	642	-0.00065638	0	
643	0.00110646	0	643	-0.000651198	0	
644	0.00109772	0	644	-0.000646057	0	
645	0.00108904	0	645	-0.000640957	0	
646	0.00108043	0	646	-0.000635895	0	
647	0.00107189	0	647	-0.000630874	0	
648	0.00106342	0	648	-0.000625891	0	
649	0.00105501	0	649	-0.000620948	0	
650	0.00104667	0	650	-0.000616042	0	
651	0.00103839	0	651	-0.000611176	0	
652	0.00103018	0	652	-0.000606347	0	
653	0.00102203	0	653	-0.000601556	0	
654	0.00101395	0	654	-0.000596802	0	
655	0.00100593	0	655	-0.000592085	0	
656	0.000997967	0	656	-0.000587405	0	
657	0.000990071	0	657	-0.000582762	0	
658	0.000982237	0	658	-0.000578155	0	
659	0.000974464	0	659	-0.000573584	0	
660	0.000966752	0	660	-0.000569049	0	
661	0.0009591	0	661	-0.000564549	0	
662	0.000951508	0	662	-0.000560084	0	
663	0.000943976	0	663	-0.000555654	0	
664	0.000936502	0	664	-0.000551259	0	
